empty 00:00:00
empty 00:00:00
empty 00:00:00
empty 00:00:00
empty 00:00:00
empty 00:00:00
empty 00:00:00
empty 00:00:00
empty 00:00:00
empty 00:00:00
8
0
0
0
0
0
0
0
0
0
2
2
2
1
2
1
1
0
1
2
2
2
2
1
2
0
1
1
2
2
2
1
2
0
2
2
2
2
2
2
2
0
2
1
2
2
2
1
1
0
2
1
2
2
2
2
1
0
1
1
2
1
2
2
2
0
4
10
34
0
33
0
0
0
0
0
0
28
0
0
16
0
0
0
0
0
0
0
0
0
16
8
0
0
0
1
0
0
0
0
0
0
0
0
0
0
0
0
0
0
0
3
0
0
0
0
0
0
0
0
4
0
0
0
0
0
0
0
0
0
0
0
0
0
0
0
0
10
4
1
5
4
4
0
0
0
29
9
7
8
5
7
7
0
0
14
4
2
8
4
4
34
3
8
9
6
2
1
5
8
8
10
1
3
6
0
0
5
5
23
6
9
7
1
0
0
0
2
2
7
1
2
4
