empty 00:00:00
empty 00:00:00
empty 00:00:00
empty 00:00:00
empty 00:00:00
empty 00:00:00
empty 00:00:00
empty 00:00:00
empty 00:00:00
empty 00:00:00
10
0
0
0
0
0
0
0
0
0
0
0
1
1
2
1
2
1
2
2
2
0
2
2
2
2
2
2
2
1
1
0
2
1
2
2
1
2
2
2
1
0
2
1
2
2
1
2
1
1
2
0
2
2
2
2
2
2
2
2
2
0
2
1
1
2
1
2
2
1
2
0
1
2
2
2
1
2
2
1
2
0
1
1
2
2
2
2
2
2
2
0
2
2
2
1
2
1
2
1
1
0
0
0
26
0
7
0
12
5
3
0
23
9
0
36
0
31
0
0
0
0
0
0
0
0
0
0
0
3
0
0
0
0
0
0
0
0
0
0
24
0
0
8
0
0
1
0
32
3
0
0
0
0
0
0
0
0
0
0
0
0
0
7
18
0
0
0
0
0
0
0
0
0
0
0
5
0
0
4
0
0
3
6
0
0
0
0
0
0
0
0
0
0
0
0
0
0
0
0
0
0
0
0
0
0
0
0
0
0
0
0
0
6
6
6
6
9
1
5
3
37
1
9
8
5
1
7
6
0
0
6
6
5
3
2
10
2
5
3
0
7
7
14
7
7
4
4
0
3
3
45
4
8
2
6
1
9
5
3
7
5
5
0
4
4
7
1
6
1
1
0
21
7
5
9
7
3
4
4
4
0
0
37
6
3
2
5
8
4
9
16
3
6
7
3
3
9
9
0
0
