empty 00:00:00
empty 00:00:00
empty 00:00:00
empty 00:00:00
empty 00:00:00
empty 00:00:00
empty 00:00:00
empty 00:00:00
empty 00:00:00
empty 00:00:00
12
0
0
0
0
0
0
0
0
0
0
0
0
0
2
2
2
2
1
1
1
1
2
2
2
0
1
2
2
2
1
1
2
2
2
2
2
0
1
2
1
2
2
1
2
2
2
1
2
0
2
2
2
2
2
2
2
2
2
1
1
0
2
2
1
2
1
2
1
1
1
2
2
0
2
1
1
2
2
2
2
2
1
1
2
0
2
2
1
1
1
2
1
2
1
2
2
0
1
1
2
2
2
2
2
2
2
2
2
0
2
1
2
2
2
1
2
2
1
2
1
0
2
2
2
2
2
1
1
2
2
2
1
0
2
2
2
1
1
1
1
2
2
2
2
0
8
27
7
27
0
0
0
0
14
9
13
0
0
0
0
0
0
0
20
21
0
0
0
0
0
0
0
0
11
0
0
0
0
0
0
0
24
0
9
0
0
27
0
0
0
0
0
0
0
0
0
0
0
0
0
0
0
4
15
0
0
0
0
0
8
0
2
30
0
0
0
0
0
4
0
0
0
0
0
0
0
21
0
0
0
0
22
15
14
0
11
0
3
0
0
0
8
0
0
0
0
0
0
0
0
0
0
0
0
15
0
0
0
0
0
0
4
0
0
0
0
0
0
0
0
0
0
0
0
0
5
0
0
0
0
0
0
0
0
0
0
0
0
0
0
0
0
0
0
0
0
0
0
0
0
20
8
4
2
6
0
0
0
13
5
2
6
0
17
8
5
4
0
29
9
6
3
7
4
0
5
5
10
2
8
18
6
8
4
3
3
48
6
7
9
1
3
8
5
7
2
0
0
8
5
3
5
5
2
2
0
0
7
4
3
4
4
0
30
9
8
7
2
4
0
4
4
13
9
4
0
0
9
9
2
2
7
6
1
0
0
41
9
1
4
1
6
8
3
2
7
1
1
20
8
9
3
14
5
9
1
1
0
26
2
8
4
5
7
0
12
1
3
8
0
13
5
7
1
0
0
0
16
6
1
4
5
